[[0.0, 0.7670614236289534, 0.7951792356022813, 0.6810081420261912, 0.9072947501419721, 0.9528553313335532, 0.9665526742031871, 0.8240537119585802, 0.9537007133512422, 0.925742871960224, 0.7526768737329724, 0.8734463629192795, 0.9197737723644352, 0.859240127647815, 0.7387846689150772, 0.0, 0.0, 0.5549310784411132, 0.6315485865408442, 0.5368211993016747, 0.8316023647821524, 0.6601071342623902, 0.0, 0.5235761457595075, 0.0, 0.0, 0.7131246639925295, 0.0, 0.0, 0.0, 0.7668034748521483, 0.6540540534671315, 0.810175950709795, 0.6235056342000367, 0.6406895259913751, 0.5837421416371039, 0.578545671616131, 0.7347866469942194, 0.0, 0.0, 0.0, 0.0, 0.0, 0.5333260398064915, 0.0, 0.0, 0.0, 0.0, 0.0, 0.0, 0.0, 0.0, 0.0, 0.0, 0.0, 0.0, 0.0, 0.0, 0.0, 0.0, 0.0, 0.0, 0.0, 0.0, 0.0, 0.0, 0.0, 0.0, 0.0, 0.0, 0.0, 0.0, 0.0, 0.0, 0.0, 0.0, 0.0, 0.0, 0.0, 0.0, 0.0, 0.0, 0.0, 0.0, 0.0, 0.0, 0.0, 0.0, 0.0, 0.0, 0.0, 0.0, 0.0, 0.0, 0.0, 0.0, 0.0, 0.0, 0.0, 0.0, 0.0, 0.0, 0.0, 0.0, 0.0, 0.0, 0.0, 0.0, 0.0, 0.0, 0.0, 0.0, 0.0, 0.0, 0.0, 0.0, 0.0, 0.0, 0.0, 0.0, 0.0, 0.0, 0.0, 0.0, 0.0, 0.0, 0.0, 0.0, 0.0, 0.0, 0.0, 0.0, 0.0, 0.0, 0.0, 0.0, 0.0, 0.0, 0.0, 0.0, 0.0, 0.0, 0.0, 0.0, 0.0, 0.0, 0.7013881166342386, 0.6365297324863577, 0.0, 0.6375209317502329, 0.7183888967066742, 0.7550541658623124, 0.7252646787330213, 0.0, 0.0, 0.7823799549085135, 0.0, 0.0, 0.0, 0.0, 0.0, 0.0, 0.0, 0.0, 0.0, 0.0, 0.0, 0.0, 0.0, 0.0, 0.0, 0.0, 0.0, 0.0, 0.0, 0.0], [0.7670614236289534, 0.0, 0.8778985788125808, 0.8632801531337521, 0.9184713956370087, 0.8778391342638133, 0.8386751022452402, 0.8792622000496503, 0.7136706700690831, 0.7017740027667458, 0.6346783745771523, 0.6634387380585492, 0.6785180549845645, 0.7027963131743847, 0.6513150955180904, 0.0, 0.0, 0.6784886446637174, 0.7408969018779166, 0.9168586577144472, 0.9408793423466434, 0.86296143519759, 0.0, 0.5261587612621447, 0.5478547596523117, 0.6550042063362586, 0.7209812106923185, 0.0, 0.0, 0.0, 0.8126649486422232, 0.5280808441338628, 0.6444036601518965, 0.0, 0.0, 0.529205532372849, 0.0, 0.7237209203336535, 0.0, 0.0, 0.0, 0.0, 0.0, 0.0, 0.0, 0.0, 0.0, 0.0, 0.0, 0.0, 0.0, 0.0, 0.0, 0.0, 0.0, 0.0, 0.0, 0.0, 0.0, 0.0, 0.0, 0.0, 0.0, 0.0, 0.0, 0.0, 0.0, 0.0, 0.0, 0.0, 0.0, 0.0, 0.0, 0.0, 0.0, 0.0, 0.0, 0.0, 0.0, 0.0, 0.0, 0.0, 0.0, 0.0, 0.0, 0.0, 0.0, 0.0, 0.0, 0.0, 0.0, 0.0, 0.0, 0.0, 0.0, 0.0, 0.0, 0.0, 0.0, 0.0, 0.0, 0.0, 0.0, 0.0, 0.0, 0.0, 0.0, 0.0, 0.0, 0.0, 0.0, 0.0, 0.0, 0.0, 0.0, 0.0, 0.0, 0.0, 0.0, 0.0, 0.0, 0.0, 0.0, 0.0, 0.0, 0.0, 0.0, 0.0, 0.0, 0.0, 0.0, 0.0, 0.0, 0.0, 0.0, 0.0, 0.0, 0.0, 0.0, 0.0, 0.0, 0.0, 0.0, 0.0, 0.0, 0.0, 0.627281397454906, 0.805892469252017, 0.5252854747715482, 0.0, 0.5452748985373024, 0.6445785160952046, 0.7863394401074167, 0.583582589906169, 0.0, 0.546976524672713, 0.0, 0.0, 0.0, 0.0, 0.0, 0.0, 0.0, 0.0, 0.0, 0.5840961075939151, 0.0, 0.0, 0.0, 0.0, 0.0, 0.0, 0.0, 0.0, 0.0, 0.0], [0.7951792356022813, 0.8778985788125808, 0.0, 0.933719997554035, 0.8576411284847609, 0.880613133132937, 0.8234732975187263, 0.7968512487531634, 0.810889995276363, 0.8353676400569272, 0.745585471221368, 0.7317831176161307, 0.7359320235465201, 0.8401848119676845, 0.8560338281628782, 0.5874186893865999, 0.694314987555772, 0.8909432224639222, 0.8689846585807258, 0.6868147461649277, 0.8944120138291134, 0.8765497201185664, 0.0, 0.7291102975872851, 0.7384436309423887, 0.6328090793932921, 0.8680048342205028, 0.6054348420889344, 0.5754483939151479, 0.6713443580411699, 0.7765140060277926, 0.5927857959872704, 0.8199297955076739, 0.5425932416172513, 0.0, 0.6993165275555253, 0.6577592188714169, 0.6066681582361357, 0.0, 0.0, 0.0, 0.0, 0.0, 0.5541212358808407, 0.0, 0.0, 0.0, 0.0, 0.0, 0.0, 0.0, 0.0, 0.0, 0.0, 0.0, 0.0, 0.0, 0.0, 0.0, 0.0, 0.0, 0.0, 0.0, 0.0, 0.0, 0.0, 0.0, 0.0, 0.0, 0.0, 0.0, 0.0, 0.0, 0.0, 0.0, 0.0, 0.0, 0.0, 0.0, 0.0, 0.0, 0.0, 0.0, 0.0, 0.0, 0.0, 0.0, 0.0, 0.0, 0.0, 0.0, 0.0, 0.0, 0.0, 0.0, 0.0, 0.0, 0.0, 0.0, 0.0, 0.0, 0.0, 0.0, 0.0, 0.0, 0.0, 0.0, 0.0, 0.0, 0.0, 0.0, 0.0, 0.0, 0.0, 0.0, 0.0, 0.0, 0.0, 0.0, 0.0, 0.0, 0.0, 0.0, 0.0, 0.0, 0.0, 0.0, 0.0, 0.0, 0.0, 0.0, 0.0, 0.0, 0.0, 0.0, 0.0, 0.0, 0.0, 0.0, 0.0, 0.0, 0.0, 0.0, 0.0, 0.0, 0.0, 0.67624737429495, 0.8040945823975841, 0.5767112346955913, 0.5477334407387996, 0.5804003610100952, 0.7305485451757912, 0.8169854501577555, 0.0, 0.0, 0.5259374138590432, 0.0, 0.5323871152847559, 0.0, 0.0, 0.0, 0.0, 0.0, 0.0, 0.0, 0.0, 0.0, 0.0, 0.0, 0.0, 0.0, 0.0, 0.0, 0.0, 0.0, 0.0], [0.6810081420261912, 0.8632801531337521, 0.933719997554035, 0.0, 0.8154359934896708, 0.7936490144703245, 0.7397643457869054, 0.8119127536488895, 0.6322990502359912, 0.6814761360653961, 0.7313305178126326, 0.6231914598991187, 0.5838028600112417, 0.7089672978572946, 0.649251534659156, 0.5104521714604904, 0.5722383110095203, 0.7898978687902639, 0.8057086045053369, 0.7002401533344296, 0.8280386325657814, 0.9142382224880783, 0.6146844392263773, 0.7453730234875898, 0.7152887400738752, 0.5677843466628917, 0.7570357651945551, 0.0, 0.0, 0.5531651426234832, 0.868389961378767, 0.5064094854118277, 0.712791945057229, 0.0, 0.0, 0.6247852704557203, 0.5077194401407512, 0.0, 0.0, 0.0, 0.0, 0.0, 0.0, 0.0, 0.0, 0.0, 0.0, 0.0, 0.0, 0.0, 0.0, 0.0, 0.0, 0.0, 0.0, 0.0, 0.0, 0.0, 0.0, 0.0, 0.0, 0.0, 0.0, 0.0, 0.0, 0.0, 0.0, 0.0, 0.0, 0.0, 0.0, 0.0, 0.0, 0.0, 0.0, 0.0, 0.0, 0.0, 0.0, 0.0, 0.0, 0.0, 0.0, 0.0, 0.0, 0.0, 0.0, 0.0, 0.0, 0.0, 0.0, 0.0, 0.0, 0.0, 0.0, 0.0, 0.0, 0.0, 0.0, 0.0, 0.0, 0.0, 0.0, 0.0, 0.0, 0.0, 0.0, 0.0, 0.0, 0.0, 0.0, 0.0, 0.0, 0.0, 0.0, 0.0, 0.0, 0.0, 0.0, 0.0, 0.0, 0.0, 0.0, 0.0, 0.0, 0.0, 0.0, 0.0, 0.0, 0.0, 0.0, 0.0, 0.0, 0.0, 0.0, 0.0, 0.0, 0.0, 0.0, 0.0, 0.0, 0.0, 0.0, 0.0, 0.0, 0.0, 0.7143238841673358, 0.8219112914744868, 0.6232347570551076, 0.5754600242390908, 0.6037770306327879, 0.7054017429805747, 0.7980260559068347, 0.0, 0.0, 0.0, 0.5685957455146908, 0.6493647984755555, 0.0, 0.0, 0.0, 0.0, 0.0, 0.5060921944689049, 0.5232146585688573, 0.0, 0.0, 0.0, 0.0, 0.0, 0.0, 0.0, 0.0, 0.0, 0.0, 0.0], [0.9072947501419721, 0.9184713956370087, 0.8576411284847609, 0.8154359934896708, 0.0, 0.9761293008661536, 0.9703676152323848, 0.9222071546577948, 0.8561097781394907, 0.8374015158670672, 0.7209057409914346, 0.7958449467382264, 0.8176706187447699, 0.7345329007373268, 0.6707053807943518, 0.0, 0.0, 0.5691000601262358, 0.5995808231643123, 0.7652872978827101, 0.9602359861990611, 0.7824965349570941, 0.0, 0.5807328461849696, 0.0, 0.5643333232250602, 0.7067061737969507, 0.0, 0.0, 0.0, 0.8518377976871634, 0.5209776780250267, 0.6485543686196807, 0.0, 0.0, 0.0, 0.0, 0.7120161904364584, 0.0, 0.0, 0.0, 0.0, 0.0, 0.0, 0.0, 0.0, 0.0, 0.0, 0.0, 0.0, 0.0, 0.0, 0.0, 0.0, 0.0, 0.0, 0.0, 0.0, 0.0, 0.0, 0.0, 0.0, 0.0, 0.0, 0.0, 0.0, 0.0, 0.0, 0.0, 0.0, 0.0, 0.0, 0.0, 0.0, 0.0, 0.0, 0.0, 0.0, 0.0, 0.0, 0.0, 0.0, 0.0, 0.0, 0.0, 0.0, 0.0, 0.0, 0.0, 0.0, 0.0, 0.0, 0.0, 0.0, 0.0, 0.0, 0.0, 0.0, 0.0, 0.0, 0.0, 0.0, 0.0, 0.0, 0.0, 0.0, 0.0, 0.0, 0.0, 0.0, 0.0, 0.0, 0.0, 0.0, 0.0, 0.0, 0.0, 0.0, 0.0, 0.0, 0.0, 0.0, 0.0, 0.0, 0.0, 0.0, 0.0, 0.0, 0.0, 0.0, 0.0, 0.0, 0.0, 0.0, 0.0, 0.0, 0.0, 0.0, 0.0, 0.0, 0.0, 0.0, 0.0, 0.0, 0.0, 0.0, 0.6540199129386163, 0.6698841565452295, 0.0, 0.0, 0.5867612553943465, 0.659992202861678, 0.6785685830778465, 0.0, 0.0, 0.6878259853777757, 0.0, 0.0, 0.0, 0.0, 0.0, 0.0, 0.0, 0.0, 0.0, 0.0, 0.0, 0.0, 0.0, 0.0, 0.0, 0.0, 0.0, 0.0, 0.0, 0.0], [0.9528553313335532, 0.8778391342638133, 0.880613133132937, 0.7936490144703245, 0.9761293008661536, 0.0, 0.9859126881575317, 0.8564425814769833, 0.9194058095817433, 0.9075510868786844, 0.7552047829559131, 0.8458073435450041, 0.8838510031272124, 0.8299407152300307, 0.7606223267291072, 0.0, 0.0, 0.6302137960075388, 0.648633677689565, 0.6752481166664256, 0.9182711707247276, 0.7227676562671621, 0.0, 0.6161065195376493, 0.5248044767696622, 0.0, 0.7072052655030533, 0.0, 0.0, 0.0, 0.818725674746472, 0.5545294066553387, 0.7355236476810663, 0.0, 0.0, 0.5171606794333192, 0.5240832262943871, 0.7593290051367302, 0.0, 0.0, 0.0, 0.0, 0.0, 0.0, 0.0, 0.0, 0.0, 0.0, 0.0, 0.0, 0.0, 0.0, 0.0, 0.0, 0.0, 0.0, 0.0, 0.0, 0.0, 0.0, 0.0, 0.0, 0.0, 0.0, 0.0, 0.0, 0.0, 0.0, 0.0, 0.0, 0.0, 0.0, 0.0, 0.0, 0.0, 0.0, 0.0, 0.0, 0.0, 0.0, 0.0, 0.0, 0.0, 0.0, 0.0, 0.0, 0.0, 0.0, 0.0, 0.0, 0.0, 0.0, 0.0, 0.0, 0.0, 0.0, 0.0, 0.0, 0.0, 0.0, 0.0, 0.0, 0.0, 0.0, 0.0, 0.0, 0.0, 0.0, 0.0, 0.0, 0.0, 0.0, 0.0, 0.0, 0.0, 0.0, 0.0, 0.0, 0.0, 0.0, 0.0, 0.0, 0.0, 0.0, 0.0, 0.0, 0.0, 0.0, 0.0, 0.0, 0.0, 0.0, 0.0, 0.0, 0.0, 0.0, 0.0, 0.0, 0.0, 0.0, 0.0, 0.0, 0.0, 0.0, 0.0, 0.0, 0.7075136784631579, 0.656400467063259, 0.0, 0.0, 0.6085063219871943, 0.743778995120547, 0.6956929705922544, 0.0, 0.0, 0.6973034046309092, 0.0, 0.0, 0.0, 0.0, 0.0, 0.0, 0.0, 0.0, 0.0, 0.0, 0.0, 0.0, 0.0, 0.0, 0.0, 0.0, 0.0, 0.0, 0.0, 0.0], [0.9665526742031871, 0.8386751022452402, 0.8234732975187263, 0.7397643457869054, 0.9703676152323848, 0.9859126881575317, 0.0, 0.8798854947116193, 0.9216783078079489, 0.9009902995723079, 0.7383901437435492, 0.8415799964925106, 0.8858964925068986, 0.7907057146430007, 0.6918703673167053, 0.0, 0.0, 0.5241933651500692, 0.5906788753600153, 0.6298720070589832, 0.9020326031369058, 0.6993545266072527, 0.0, 0.5479344379694776, 0.0, 0.0, 0.6911327331759772, 0.0, 0.0, 0.0, 0.8166978021273047, 0.606212026893887, 0.7244682707230071, 0.0, 0.0, 0.0, 0.0, 0.7206911791515139, 0.0, 0.0, 0.0, 0.0, 0.0, 0.0, 0.0, 0.0, 0.0, 0.0, 0.0, 0.0, 0.0, 0.0, 0.0, 0.0, 0.0, 0.0, 0.0, 0.0, 0.0, 0.0, 0.0, 0.0, 0.0, 0.0, 0.0, 0.0, 0.0, 0.0, 0.0, 0.0, 0.0, 0.0, 0.0, 0.0, 0.0, 0.0, 0.0, 0.0, 0.0, 0.0, 0.0, 0.0, 0.0, 0.0, 0.0, 0.0, 0.0, 0.0, 0.0, 0.0, 0.0, 0.0, 0.0, 0.0, 0.0, 0.0, 0.0, 0.0, 0.0, 0.0, 0.0, 0.0, 0.0, 0.0, 0.0, 0.0, 0.0, 0.0, 0.0, 0.0, 0.0, 0.0, 0.0, 0.0, 0.0, 0.0, 0.0, 0.0, 0.0, 0.0, 0.0, 0.0, 0.0, 0.0, 0.0, 0.0, 0.0, 0.0, 0.0, 0.0, 0.0, 0.0, 0.0, 0.0, 0.0, 0.0, 0.0, 0.0, 0.0, 0.0, 0.0, 0.0, 0.0, 0.0, 0.0, 0.0, 0.681721702854506, 0.6399241319572299, 0.0, 0.0, 0.6072686861680846, 0.6878603555191357, 0.6625797570544519, 0.0, 0.0, 0.7276340392249734, 0.0, 0.0, 0.0, 0.0, 0.0, 0.0, 0.0, 0.0, 0.0, 0.0, 0.0, 0.0, 0.0, 0.0, 0.0, 0.0, 0.0, 0.0, 0.0, 0.0], [0.8240537119585802, 0.8792622000496503, 0.7968512487531634, 0.8119127536488895, 0.9222071546577948, 0.8564425814769833, 0.8798854947116193, 0.0, 0.7264762050940968, 0.6882156880996082, 0.5833171168012777, 0.6225105759690809, 0.640638285149648, 0.5919907144422235, 0.0, 0.0, 0.0, 0.0, 0.593434177472251, 0.7192087974990562, 0.9206186464559947, 0.8936399322426135, 0.0, 0.0, 0.0, 0.5436879212057187, 0.73247943774986, 0.0, 0.0, 0.0, 0.8365454649898093, 0.5827367030767966, 0.6384359913579328, 0.5383203358828651, 0.0, 0.0, 0.0, 0.5295027613526881, 0.0, 0.0, 0.0, 0.0, 0.0, 0.0, 0.0, 0.0, 0.0, 0.0, 0.0, 0.0, 0.0, 0.0, 0.0, 0.0, 0.0, 0.0, 0.0, 0.0, 0.0, 0.0, 0.0, 0.0, 0.0, 0.0, 0.0, 0.0, 0.0, 0.0, 0.0, 0.0, 0.0, 0.0, 0.0, 0.0, 0.0, 0.0, 0.0, 0.0, 0.0, 0.0, 0.0, 0.0, 0.0, 0.0, 0.0, 0.0, 0.0, 0.0, 0.0, 0.0, 0.0, 0.0, 0.0, 0.0, 0.0, 0.0, 0.0, 0.0, 0.0, 0.0, 0.0, 0.0, 0.0, 0.0, 0.0, 0.0, 0.0, 0.0, 0.0, 0.0, 0.0, 0.0, 0.0, 0.0, 0.0, 0.0, 0.0, 0.0, 0.0, 0.0, 0.0, 0.0, 0.0, 0.0, 0.0, 0.0, 0.0, 0.0, 0.0, 0.0, 0.0, 0.0, 0.0, 0.0, 0.0, 0.0, 0.0, 0.0, 0.0, 0.0, 0.0, 0.0, 0.0, 0.0, 0.0, 0.0, 0.5343549942477738, 0.7284197274123827, 0.6564454266458464, 0.6012342492438478, 0.6686238310422153, 0.5080351333551835, 0.7415304205623328, 0.0, 0.0, 0.6794361856805862, 0.0, 0.0, 0.0, 0.5351713739947599, 0.0, 0.0, 0.0, 0.0, 0.0, 0.0, 0.0, 0.0, 0.0, 0.0, 0.0, 0.0, 0.0, 0.0, 0.0, 0.0], [0.9537007133512422, 0.7136706700690831, 0.810889995276363, 0.6322990502359912, 0.8561097781394907, 0.9194058095817433, 0.9216783078079489, 0.7264762050940968, 0.0, 0.9788611193392989, 0.7879810401769424, 0.9165405773298202, 0.9584505291714814, 0.8961117975145475, 0.8620918282812821, 0.0, 0.5179133310876869, 0.6305663977272354, 0.661045142854765, 0.5102785638085623, 0.8232972596409579, 0.5997264368026718, 0.0, 0.6154094706011097, 0.5784700814169355, 0.5473938855939506, 0.7881139161165464, 0.0, 0.5784863332693411, 0.0, 0.6914116483102466, 0.6823396507359141, 0.8250221157558927, 0.5241638302227128, 0.544519856577842, 0.5574990257000199, 0.623104771737918, 0.745889218848963, 0.0, 0.0, 0.0, 0.0, 0.0, 0.6454346730554065, 0.0, 0.0, 0.0, 0.0, 0.0, 0.0, 0.0, 0.0, 0.0, 0.0, 0.0, 0.0, 0.0, 0.0, 0.0, 0.0, 0.0, 0.0, 0.0, 0.0, 0.0, 0.0, 0.0, 0.0, 0.0, 0.0, 0.0, 0.0, 0.0, 0.0, 0.0, 0.0, 0.0, 0.0, 0.0, 0.0, 0.0, 0.0, 0.0, 0.0, 0.0, 0.0, 0.0, 0.0, 0.0, 0.0, 0.0, 0.0, 0.0, 0.0, 0.0, 0.0, 0.0, 0.0, 0.0, 0.0, 0.0, 0.0, 0.0, 0.0, 0.0, 0.0, 0.0, 0.0, 0.0, 0.0, 0.0, 0.0, 0.0, 0.0, 0.0, 0.0, 0.0, 0.0, 0.0, 0.0, 0.0, 0.0, 0.0, 0.0, 0.0, 0.0, 0.0, 0.0, 0.0, 0.0, 0.0, 0.0, 0.0, 0.0, 0.0, 0.0, 0.0, 0.0, 0.0, 0.0, 0.0, 0.0, 0.0, 0.0, 0.0, 0.0, 0.6818294962159328, 0.6164737868097728, 0.0, 0.5594049286633231, 0.5870505035798492, 0.7436879321578083, 0.6830593386736806, 0.0, 0.0, 0.755299137331549, 0.0, 0.0, 0.0, 0.0, 0.0, 0.0, 0.0, 0.0, 0.0, 0.0, 0.0, 0.0, 0.0, 0.0, 0.0, 0.0, 0.0, 0.0, 0.0, 0.0], [0.925742871960224, 0.7017740027667458, 0.8353676400569272, 0.6814761360653961, 0.8374015158670672, 0.9075510868786844, 0.9009902995723079, 0.6882156880996082, 0.9788611193392989, 0.0, 0.8741507455918944, 0.9556312393613098, 0.9746182706464186, 0.9353650890863484, 0.8847735968710745, 0.0, 0.5456844358100547, 0.6745296171272139, 0.7057686913421943, 0.0, 0.79127920764236, 0.5938004517426917, 0.0, 0.7083245860203168, 0.6778553596130792, 0.5653182528801809, 0.7893164459916437, 0.0, 0.5498810333023294, 0.0, 0.7365733842681698, 0.7123179053476051, 0.8432361053898756, 0.0, 0.0, 0.5641122454113638, 0.6067301204533125, 0.6892271831045471, 0.0, 0.0, 0.0, 0.0, 0.0, 0.7293320531786865, 0.0, 0.0, 0.0, 0.0, 0.0, 0.0, 0.0, 0.0, 0.0, 0.0, 0.0, 0.0, 0.0, 0.0, 0.0, 0.0, 0.0, 0.0, 0.0, 0.0, 0.0, 0.0, 0.0, 0.0, 0.0, 0.0, 0.0, 0.0, 0.0, 0.0, 0.0, 0.0, 0.0, 0.0, 0.0, 0.0, 0.0, 0.0, 0.0, 0.0, 0.0, 0.0, 0.0, 0.0, 0.0, 0.0, 0.0, 0.0, 0.0, 0.0, 0.0, 0.0, 0.0, 0.0, 0.0, 0.0, 0.0, 0.0, 0.0, 0.0, 0.0, 0.0, 0.0, 0.0, 0.0, 0.0, 0.0, 0.0, 0.0, 0.0, 0.0, 0.0, 0.0, 0.0, 0.0, 0.0, 0.0, 0.0, 0.0, 0.0, 0.0, 0.0, 0.0, 0.0, 0.0, 0.0, 0.0, 0.0, 0.0, 0.0, 0.0, 0.0, 0.0, 0.0, 0.0, 0.0, 0.0, 0.0, 0.0, 0.0, 0.0, 0.0, 0.7575480565772665, 0.6630267476979421, 0.0, 0.532542389461695, 0.5232973949276691, 0.7816323988409197, 0.6704644179021857, 0.0, 0.0, 0.7250150858949882, 0.0, 0.569582114065885, 0.0, 0.0, 0.0, 0.0, 0.0, 0.0, 0.0, 0.0, 0.0, 0.0, 0.0, 0.0, 0.0, 0.0, 0.0, 0.0, 0.0, 0.0], [0.7526768737329724, 0.6346783745771523, 0.745585471221368, 0.7313305178126326, 0.7209057409914346, 0.7552047829559131, 0.7383901437435492, 0.5833171168012777, 0.7879810401769424, 0.8741507455918944, 0.0, 0.9404984620530509, 0.8727118305676705, 0.8756009353486951, 0.7404127572945673, 0.0, 0.5198402629676773, 0.6246633349264541, 0.703357888472687, 0.5213706226378433, 0.6539550367574092, 0.5647833573507739, 0.7652543427786261, 0.871099869032018, 0.8400044952451909, 0.6218649863493365, 0.704911712003015, 0.0, 0.0, 0.0, 0.8430157426463397, 0.6858066703442532, 0.7622628726447227, 0.0, 0.0, 0.5142375644640049, 0.5107711787468883, 0.5931517596636976, 0.0, 0.0, 0.5858832941918296, 0.0, 0.0, 0.861571523942751, 0.0, 0.0, 0.0, 0.0, 0.0, 0.0, 0.0, 0.0, 0.0, 0.0, 0.0, 0.0, 0.0, 0.0, 0.0, 0.0, 0.0, 0.0, 0.0, 0.0, 0.0, 0.0, 0.0, 0.0, 0.0, 0.0, 0.0, 0.0, 0.0, 0.0, 0.0, 0.0, 0.0, 0.0, 0.0, 0.0, 0.0, 0.0, 0.0, 0.0, 0.0, 0.0, 0.0, 0.0, 0.0, 0.0, 0.0, 0.0, 0.0, 0.0, 0.0, 0.0, 0.0, 0.0, 0.0, 0.0, 0.0, 0.0, 0.0, 0.0, 0.0, 0.0, 0.0, 0.0, 0.0, 0.0, 0.0, 0.0, 0.0, 0.0, 0.0, 0.0, 0.0, 0.0, 0.0, 0.0, 0.0, 0.0, 0.0, 0.0, 0.0, 0.0, 0.0, 0.0, 0.0, 0.0, 0.0, 0.0, 0.0, 0.0, 0.0, 0.0, 0.0, 0.0, 0.0, 0.0, 0.0, 0.0, 0.0, 0.0, 0.0, 0.0, 0.9083530192032258, 0.7368786171712796, 0.0, 0.5832772788664741, 0.0, 0.846128524476282, 0.6546378988422364, 0.0, 0.0, 0.6332919022835733, 0.6296883304826897, 0.8423474693398555, 0.6194145903005741, 0.0, 0.0, 0.0, 0.0, 0.0, 0.0, 0.0, 0.0, 0.0, 0.0, 0.0, 0.0, 0.0, 0.0, 0.0, 0.0, 0.0], [0.8734463629192795, 0.6634387380585492, 0.7317831176161307, 0.6231914598991187, 0.7958449467382264, 0.8458073435450041, 0.8415799964925106, 0.6225105759690809, 0.9165405773298202, 0.9556312393613098, 0.9404984620530509, 0.0, 0.9817067082673078, 0.9103116717182128, 0.807638594282123, 0.0, 0.5013444828642113, 0.5783633208565747, 0.6371846479149051, 0.5371176116746764, 0.7211927224702996, 0.50601378139019, 0.541057438126627, 0.7412557093023034, 0.7036982632361811, 0.6102159434572321, 0.705364794865127, 0.0, 0.5010452778661039, 0.0, 0.7704418737411893, 0.6826954191763062, 0.761199484000028, 0.0, 0.0, 0.0, 0.5459181381913197, 0.7096592645619046, 0.0, 0.0, 0.0, 0.0, 0.0, 0.7869910689089393, 0.0, 0.0, 0.0, 0.0, 0.0, 0.0, 0.0, 0.0, 0.0, 0.0, 0.0, 0.0, 0.0, 0.0, 0.0, 0.0, 0.0, 0.0, 0.0, 0.0, 0.0, 0.0, 0.0, 0.0, 0.0, 0.0, 0.0, 0.0, 0.0, 0.0, 0.0, 0.0, 0.0, 0.0, 0.0, 0.0, 0.0, 0.0, 0.0, 0.0, 0.0, 0.0, 0.0, 0.0, 0.0, 0.0, 0.0, 0.0, 0.0, 0.0, 0.0, 0.0, 0.0, 0.0, 0.0, 0.0, 0.0, 0.0, 0.0, 0.0, 0.0, 0.0, 0.0, 0.0, 0.0, 0.0, 0.0, 0.0, 0.0, 0.0, 0.0, 0.0, 0.0, 0.0, 0.0, 0.0, 0.0, 0.0, 0.0, 0.0, 0.0, 0.0, 0.0, 0.0, 0.0, 0.0, 0.0, 0.0, 0.0, 0.0, 0.0, 0.0, 0.0, 0.0, 0.0, 0.0, 0.0, 0.0, 0.0, 0.0, 0.0, 0.0, 0.8258968633180419, 0.6494811841248905, 0.0, 0.5504189969287506, 0.0, 0.8160304395055751, 0.6245216851533281, 0.0, 0.0, 0.7463392996564562, 0.0, 0.6705577001139081, 0.0, 0.0, 0.0, 0.0, 0.0, 0.0, 0.0, 0.0, 0.0, 0.0, 0.0, 0.0, 0.0, 0.0, 0.0, 0.0, 0.0, 0.0], [0.9197737723644352, 0.6785180549845645, 0.7359320235465201, 0.5838028600112417, 0.8176706187447699, 0.8838510031272124, 0.8858964925068986, 0.640638285149648, 0.9584505291714814, 0.9746182706464186, 0.8727118305676705, 0.9817067082673078, 0.0, 0.9170987068661697, 0.8234555694489302, 0.0, 0.0, 0.5641418735960901, 0.62730656887019, 0.5205341216089762, 0.7423063309091747, 0.0, 0.0, 0.6488073087958781, 0.62290443815088, 0.546003219116561, 0.6944138518758592, 0.0, 0.0, 0.0, 0.7211327727315127, 0.6922566247944534, 0.7793934612325073, 0.0, 0.0, 0.0, 0.5657993065691278, 0.7495828850523157, 0.0, 0.0, 0.0, 0.0, 0.0, 0.7213679907790199, 0.0, 0.0, 0.0, 0.0, 0.0, 0.0, 0.0, 0.0, 0.0, 0.0, 0.0, 0.0, 0.0, 0.0, 0.0, 0.0, 0.0, 0.0, 0.0, 0.0, 0.0, 0.0, 0.0, 0.0, 0.0, 0.0, 0.0, 0.0, 0.0, 0.0, 0.0, 0.0, 0.0, 0.0, 0.0, 0.0, 0.0, 0.0, 0.0, 0.0, 0.0, 0.0, 0.0, 0.0, 0.0, 0.0, 0.0, 0.0, 0.0, 0.0, 0.0, 0.0, 0.0, 0.0, 0.0, 0.0, 0.0, 0.0, 0.0, 0.0, 0.0, 0.0, 0.0, 0.0, 0.0, 0.0, 0.0, 0.0, 0.0, 0.0, 0.0, 0.0, 0.0, 0.0, 0.0, 0.0, 0.0, 0.0, 0.0, 0.0, 0.0, 0.0, 0.0, 0.0, 0.0, 0.0, 0.0, 0.0, 0.0, 0.0, 0.0, 0.0, 0.0, 0.0, 0.0, 0.0, 0.0, 0.0, 0.0, 0.0, 0.0, 0.0, 0.773588723265612, 0.6198294232953151, 0.0, 0.5081286595886321, 0.0, 0.7879052303593682, 0.6203028069989355, 0.0, 0.0, 0.7550416407306518, 0.0, 0.5561112313219279, 0.0, 0.0, 0.0, 0.0, 0.0, 0.0, 0.0, 0.0, 0.0, 0.0, 0.0, 0.0, 0.0, 0.0, 0.0, 0.0, 0.0, 0.0], [0.859240127647815, 0.7027963131743847, 0.8401848119676845, 0.7089672978572946, 0.7345329007373268, 0.8299407152300307, 0.7907057146430007, 0.5919907144422235, 0.8961117975145475, 0.9353650890863484, 0.8756009353486951, 0.9103116717182128, 0.9170987068661697, 0.0, 0.9041639370199726, 0.0, 0.6499186695774724, 0.78866522820786, 0.8480248092708811, 0.5108655739519212, 0.6950722735745617, 0.5995038582573878, 0.5538595856127337, 0.7222054248634177, 0.7988415334721479, 0.5399895333856342, 0.7690699868129798, 0.0, 0.5588783339913542, 0.5015594220775054, 0.7213840148769897, 0.7314984938822247, 0.9213328988545821, 0.5622149318008355, 0.6317876582217127, 0.7758426442711933, 0.7911968265378797, 0.7343500368007375, 0.0, 0.0, 0.0, 0.0, 0.0, 0.7839847313333935, 0.0, 0.5179502242211904, 0.0, 0.0, 0.0, 0.0, 0.0, 0.0, 0.0, 0.0, 0.0, 0.0, 0.0, 0.0, 0.0, 0.0, 0.0, 0.0, 0.0, 0.0, 0.0, 0.0, 0.0, 0.0, 0.0, 0.0, 0.0, 0.0, 0.0, 0.0, 0.0, 0.0, 0.0, 0.0, 0.0, 0.0, 0.0, 0.0, 0.0, 0.0, 0.0, 0.0, 0.0, 0.0, 0.0, 0.0, 0.0, 0.0, 0.0, 0.0, 0.0, 0.0, 0.0, 0.0, 0.0, 0.0, 0.0, 0.0, 0.0, 0.0, 0.0, 0.0, 0.0, 0.0, 0.0, 0.0, 0.0, 0.0, 0.0, 0.0, 0.0, 0.0, 0.0, 0.0, 0.0, 0.0, 0.0, 0.0, 0.0, 0.0, 0.0, 0.0, 0.0, 0.0, 0.0, 0.0, 0.0, 0.0, 0.0, 0.0, 0.0, 0.0, 0.0, 0.0, 0.0, 0.0, 0.0, 0.0, 0.0, 0.0, 0.0, 0.0, 0.84332473088659, 0.7613792376265602, 0.507729897380141, 0.6330504547945002, 0.5990228436381, 0.9024294438660687, 0.8001648759953246, 0.0, 0.0, 0.6635557563860395, 0.0, 0.60936661339661, 0.0, 0.0, 0.0, 0.0, 0.0, 0.0, 0.5572517504004845, 0.0, 0.0, 0.0, 0.0, 0.0, 0.0, 0.0, 0.0, 0.0, 0.0, 0.0], [0.7387846689150772, 0.6513150955180904, 0.8560338281628782, 0.649251534659156, 0.6707053807943518, 0.7606223267291072, 0.6918703673167053, 0.0, 0.8620918282812821, 0.8847735968710745, 0.7404127572945673, 0.807638594282123, 0.8234555694489302, 0.9041639370199726, 0.0, 0.6503115796672561, 0.8251961248857741, 0.8890383487252326, 0.8011690981682696, 0.5033525640261101, 0.7155303631491042, 0.5744457154245928, 0.0, 0.7136434102092618, 0.7751951242787032, 0.6461866975393541, 0.8258096659690626, 0.6621051681959722, 0.7892221147792304, 0.7372022469393957, 0.5175290827065447, 0.5724845787502556, 0.802916987329699, 0.0, 0.0, 0.7023662922529633, 0.7955543907064884, 0.6422572096172924, 0.0, 0.0, 0.0, 0.0, 0.0, 0.6787419845168149, 0.0, 0.0, 0.0, 0.0, 0.0, 0.0, 0.0, 0.0, 0.0, 0.0, 0.0, 0.0, 0.0, 0.0, 0.0, 0.0, 0.0, 0.0, 0.0, 0.0, 0.0, 0.0, 0.0, 0.0, 0.0, 0.0, 0.0, 0.0, 0.0, 0.0, 0.0, 0.0, 0.0, 0.0, 0.0, 0.0, 0.0, 0.0, 0.0, 0.0, 0.0, 0.0, 0.0, 0.0, 0.0, 0.0, 0.0, 0.0, 0.0, 0.0, 0.0, 0.0, 0.0, 0.0, 0.0, 0.0, 0.0, 0.0, 0.0, 0.0, 0.0, 0.0, 0.0, 0.0, 0.0, 0.0, 0.0, 0.0, 0.0, 0.0, 0.0, 0.0, 0.0, 0.0, 0.0, 0.0, 0.0, 0.0, 0.0, 0.0, 0.0, 0.0, 0.0, 0.0, 0.0, 0.0, 0.0, 0.0, 0.0, 0.0, 0.0, 0.0, 0.0, 0.0, 0.0, 0.0, 0.0, 0.0, 0.0, 0.0, 0.0, 0.0, 0.6036806377454247, 0.6228961185260086, 0.0, 0.0, 0.0, 0.7293420551653813, 0.6727743043144159, 0.0, 0.0, 0.5084211003540773, 0.0, 0.0, 0.0, 0.0, 0.0, 0.0, 0.0, 0.0, 0.0, 0.0, 0.0, 0.0, 0.0, 0.0, 0.0, 0.0, 0.0, 0.0, 0.0, 0.0], [0.0, 0.0, 0.5874186893865999, 0.5104521714604904, 0.0, 0.0, 0.0, 0.0, 0.0, 0.0, 0.0, 0.0, 0.0, 0.0, 0.6503115796672561, 0.0, 0.9223342327895591, 0.846632939867066, 0.6497362712826641, 0.0, 0.0, 0.5262028974488993, 0.0, 0.0, 0.6137896709611954, 0.5962210364874456, 0.6274995648885684, 0.9156335449632794, 0.7841117964823496, 0.9696496484469239, 0.0, 0.0, 0.0, 0.0, 0.0, 0.633265972052638, 0.6326956931416269, 0.0, 0.0, 0.0, 0.0, 0.0, 0.514676276558888, 0.0, 0.0, 0.0, 0.6681786277250502, 0.8634397985623884, 0.8533109111653947, 0.6224145497583136, 0.0, 0.0, 0.0, 0.0, 0.0, 0.0, 0.0, 0.0, 0.0, 0.0, 0.0, 0.0, 0.0, 0.0, 0.0, 0.0, 0.0, 0.0, 0.0, 0.0, 0.0, 0.0, 0.0, 0.0, 0.0, 0.0, 0.0, 0.0, 0.0, 0.0, 0.0, 0.0, 0.0, 0.0, 0.0, 0.0, 0.0, 0.0, 0.0, 0.0, 0.0, 0.0, 0.0, 0.0, 0.0, 0.0, 0.0, 0.0, 0.0, 0.0, 0.0, 0.0, 0.0, 0.0, 0.0, 0.0, 0.0, 0.0, 0.0, 0.0, 0.0, 0.0, 0.0, 0.0, 0.0, 0.0, 0.0, 0.0, 0.0, 0.0, 0.0, 0.0, 0.0, 0.0, 0.0, 0.0, 0.0, 0.0, 0.0, 0.0, 0.0, 0.0, 0.0, 0.0, 0.0, 0.0, 0.0, 0.0, 0.0, 0.0, 0.0, 0.0, 0.0, 0.0, 0.0, 0.0, 0.0, 0.0, 0.0, 0.0, 0.0, 0.0, 0.0, 0.0, 0.0, 0.0, 0.0, 0.0, 0.0, 0.0, 0.0, 0.0, 0.0, 0.7820252877216978, 0.7062803077058271, 0.0, 0.0, 0.0, 0.0, 0.0, 0.0, 0.0, 0.0, 0.0, 0.0, 0.802210833415578], [0.0, 0.0, 0.694314987555772, 0.5722383110095203, 0.0, 0.0, 0.0, 0.0, 0.5179133310876869, 0.5456844358100547, 0.5198402629676773, 0.5013444828642113, 0.0, 0.6499186695774724, 0.8251961248857741, 0.9223342327895591, 0.0, 0.9021369575520555, 0.7034886732148891, 0.0, 0.0, 0.5351787158350719, 0.5132067016919901, 0.6385570446090183, 0.706960961107848, 0.5983875616872363, 0.7095239305677037, 0.9122798582930745, 0.9202777444875563, 0.9169532240989426, 0.0, 0.0, 0.5784781830293982, 0.0, 0.0, 0.7423868845696854, 0.80668466578441, 0.0, 0.0, 0.0, 0.0, 0.0, 0.0, 0.0, 0.0, 0.5757723885887863, 0.6511342974652108, 0.7425937749507613, 0.7726708005224084, 0.0, 0.0, 0.0, 0.0, 0.0, 0.0, 0.0, 0.0, 0.0, 0.0, 0.0, 0.0, 0.0, 0.0, 0.0, 0.0, 0.0, 0.0, 0.0, 0.0, 0.0, 0.0, 0.0, 0.0, 0.0, 0.0, 0.0, 0.0, 0.0, 0.0, 0.0, 0.0, 0.0, 0.0, 0.0, 0.0, 0.0, 0.0, 0.0, 0.0, 0.0, 0.0, 0.0, 0.0, 0.0, 0.0, 0.0, 0.0, 0.0, 0.0, 0.0, 0.0, 0.0, 0.0, 0.0, 0.0, 0.0, 0.0, 0.0, 0.0, 0.0, 0.0, 0.0, 0.0, 0.0, 0.0, 0.0, 0.0, 0.0, 0.0, 0.0, 0.0, 0.0, 0.0, 0.0, 0.0, 0.0, 0.0, 0.0, 0.0, 0.0, 0.0, 0.0, 0.0, 0.0, 0.0, 0.0, 0.0, 0.0, 0.0, 0.0, 0.0, 0.0, 0.0, 0.0, 0.0, 0.0, 0.0, 0.0, 0.0, 0.5104375823066019, 0.0, 0.5672597703652597, 0.5872407396415789, 0.0, 0.0, 0.0, 0.0, 0.0, 0.0, 0.0, 0.0, 0.0, 0.5309210509786079, 0.6349608991970718, 0.7264691737739377, 0.0, 0.0, 0.0, 0.0, 0.0, 0.0, 0.0, 0.0, 0.0, 0.0, 0.6341639226941059], [0.5549310784411132, 0.6784886446637174, 0.8909432224639222, 0.7898978687902639, 0.5691000601262358, 0.6302137960075388, 0.5241933651500692, 0.0, 0.6305663977272354, 0.6745296171272139, 0.6246633349264541, 0.5783633208565747, 0.5641418735960901, 0.78866522820786, 0.8890383487252326, 0.846632939867066, 0.9021369575520555, 0.0, 0.8971270826376277, 0.5446891491732279, 0.658918070408957, 0.7202021403084916, 0.5477994253887981, 0.7083487443728853, 0.8171020893533488, 0.6079317834719083, 0.8040007291268153, 0.7868458392327504, 0.7393161665450867, 0.8917302336900084, 0.5120990421867508, 0.0, 0.7599491715763953, 0.5213225753091464, 0.5104397751786067, 0.8207174394482782, 0.8204892924108165, 0.0, 0.0, 0.0, 0.0, 0.0, 0.0, 0.5583951932477438, 0.0, 0.0, 0.0, 0.5853766280167432, 0.5346935880192832, 0.0, 0.0, 0.0, 0.0, 0.0, 0.0, 0.0, 0.0, 0.0, 0.0, 0.0, 0.0, 0.0, 0.0, 0.0, 0.0, 0.0, 0.0, 0.0, 0.0, 0.0, 0.0, 0.0, 0.0, 0.0, 0.0, 0.0, 0.0, 0.0, 0.0, 0.0, 0.0, 0.0, 0.0, 0.0, 0.0, 0.0, 0.0, 0.0, 0.0, 0.0, 0.0, 0.0, 0.0, 0.0, 0.0, 0.0, 0.0, 0.0, 0.0, 0.0, 0.0, 0.0, 0.0, 0.0, 0.0, 0.0, 0.0, 0.0, 0.0, 0.0, 0.0, 0.0, 0.0, 0.0, 0.0, 0.0, 0.0, 0.0, 0.0, 0.0, 0.0, 0.0, 0.0, 0.0, 0.0, 0.0, 0.0, 0.0, 0.0, 0.0, 0.0, 0.0, 0.0, 0.0, 0.0, 0.0, 0.0, 0.0, 0.0, 0.0, 0.0, 0.0, 0.0, 0.0, 0.0, 0.0, 0.5522606638468678, 0.7048681456889064, 0.0, 0.5014863734794647, 0.0, 0.6884795669478962, 0.7577333719158973, 0.0, 0.0, 0.0, 0.0, 0.0, 0.0, 0.0, 0.0, 0.0, 0.0, 0.6388259937348524, 0.6771042273448746, 0.0, 0.0, 0.0, 0.0, 0.0, 0.0, 0.0, 0.0, 0.0, 0.0, 0.0], [0.6315485865408442, 0.7408969018779166, 0.8689846585807258, 0.8057086045053369, 0.5995808231643123, 0.648633677689565, 0.5906788753600153, 0.593434177472251, 0.661045142854765, 0.7057686913421943, 0.703357888472687, 0.6371846479149051, 0.62730656887019, 0.8480248092708811, 0.8011690981682696, 0.6497362712826641, 0.7034886732148891, 0.8971270826376277, 0.0, 0.6052720130469431, 0.6738074935820523, 0.794054159659106, 0.5495816990695693, 0.6279374796851881, 0.8282947814030979, 0.6282423413974804, 0.8559816973902588, 0.5793927761833804, 0.5231687245403472, 0.7279258963016114, 0.6449640847955209, 0.7574257684653944, 0.904196807903651, 0.6196528544655351, 0.6041952864745334, 0.8529975612385684, 0.7777908713304309, 0.5466297284935617, 0.0, 0.0, 0.0, 0.0, 0.0, 0.7249129850981918, 0.5541133297478172, 0.0, 0.0, 0.0, 0.0, 0.0, 0.0, 0.0, 0.0, 0.0, 0.0, 0.0, 0.0, 0.0, 0.0, 0.0, 0.0, 0.0, 0.0, 0.0, 0.0, 0.0, 0.0, 0.0, 0.0, 0.0, 0.0, 0.0, 0.0, 0.0, 0.0, 0.0, 0.0, 0.0, 0.0, 0.0, 0.0, 0.0, 0.0, 0.0, 0.0, 0.0, 0.0, 0.0, 0.0, 0.0, 0.0, 0.0, 0.0, 0.0, 0.0, 0.0, 0.0, 0.0, 0.0, 0.0, 0.0, 0.0, 0.0, 0.0, 0.0, 0.0, 0.0, 0.0, 0.0, 0.0, 0.0, 0.0, 0.0, 0.0, 0.0, 0.0, 0.0, 0.0, 0.0, 0.0, 0.0, 0.0, 0.0, 0.0, 0.0, 0.0, 0.0, 0.0, 0.0, 0.0, 0.0, 0.0, 0.0, 0.0, 0.0, 0.0, 0.0, 0.0, 0.0, 0.0, 0.0, 0.0, 0.0, 0.0, 0.0, 0.0, 0.6885684952829931, 0.9211177690646225, 0.7264390489427424, 0.6281712215600422, 0.564992816256902, 0.7396886156382425, 0.9049460585744512, 0.5393954915719503, 0.0, 0.0, 0.0, 0.5090382904414992, 0.0, 0.5526061948380495, 0.0, 0.0, 0.0, 0.6350518796927954, 0.7175425575085711, 0.0, 0.0, 0.0, 0.0, 0.0, 0.0, 0.0, 0.0, 0.0, 0.0, 0.0], [0.5368211993016747, 0.9168586577144472, 0.6868147461649277, 0.7002401533344296, 0.7652872978827101, 0.6752481166664256, 0.6298720070589832, 0.7192087974990562, 0.5102785638085623, 0.0, 0.5213706226378433, 0.5371176116746764, 0.5205341216089762, 0.5108655739519212, 0.5033525640261101, 0.0, 0.0, 0.5446891491732279, 0.6052720130469431, 0.0, 0.8307325426685493, 0.7343925761944028, 0.0, 0.0, 0.0, 0.7610326653140781, 0.6047480394580658, 0.0, 0.0, 0.0, 0.6676767637255848, 0.0, 0.0, 0.0, 0.0, 0.0, 0.0, 0.659801559883391, 0.5544835940236789, 0.0, 0.0, 0.0, 0.0, 0.0, 0.0, 0.0, 0.0, 0.0, 0.0, 0.5530179940706389, 0.591055717389725, 0.7128561405484379, 0.0, 0.0, 0.0, 0.0, 0.0, 0.0, 0.0, 0.0, 0.0, 0.0, 0.0, 0.0, 0.0, 0.0, 0.0, 0.0, 0.0, 0.0, 0.0, 0.0, 0.0, 0.0, 0.0, 0.0, 0.0, 0.0, 0.0, 0.0, 0.0, 0.0, 0.0, 0.0, 0.0, 0.0, 0.0, 0.0, 0.0, 0.0, 0.0, 0.0, 0.0, 0.0, 0.0, 0.0, 0.0, 0.0, 0.0, 0.0, 0.0, 0.0, 0.0, 0.0, 0.0, 0.0, 0.0, 0.0, 0.0, 0.0, 0.0, 0.0, 0.0, 0.0, 0.0, 0.0, 0.0, 0.0, 0.0, 0.0, 0.0, 0.0, 0.0, 0.0, 0.0, 0.0, 0.0, 0.0, 0.0, 0.0, 0.0, 0.0, 0.0, 0.0, 0.0, 0.0, 0.0, 0.0, 0.0, 0.0, 0.0, 0.0, 0.0, 0.0, 0.0, 0.0, 0.0, 0.7181652673057674, 0.0, 0.0, 0.0, 0.0, 0.6334768641194088, 0.5684350198812915, 0.0, 0.0, 0.0, 0.0, 0.0, 0.0, 0.0, 0.0, 0.0, 0.0, 0.0, 0.6618959406317214, 0.5593579053853507, 0.0, 0.0, 0.0, 0.0, 0.0, 0.0, 0.0, 0.0, 0.0], [0.8316023647821524, 0.9408793423466434, 0.8944120138291134, 0.8280386325657814, 0.9602359861990611, 0.9182711707247276, 0.9020326031369058, 0.9206186464559947, 0.8232972596409579, 0.79127920764236, 0.6539550367574092, 0.7211927224702996, 0.7423063309091747, 0.6950722735745617, 0.7155303631491042, 0.0, 0.0, 0.658918070408957, 0.6738074935820523, 0.8307325426685493, 0.0, 0.86364016871492, 0.0, 0.5596568622393805, 0.5056018742992268, 0.7022414631723618, 0.8191994401129737, 0.0, 0.0, 0.0, 0.7751900210045238, 0.5467116763841753, 0.6527842539608264, 0.0, 0.0, 0.0, 0.0, 0.6704802991412598, 0.0, 0.0, 0.0, 0.0, 0.0, 0.0, 0.0, 0.0, 0.0, 0.0, 0.0, 0.0, 0.0, 0.0, 0.0, 0.0, 0.0, 0.0, 0.0, 0.0, 0.0, 0.0, 0.0, 0.0, 0.0, 0.0, 0.0, 0.0, 0.0, 0.0, 0.0, 0.0, 0.0, 0.0, 0.0, 0.0, 0.0, 0.0, 0.0, 0.0, 0.0, 0.0, 0.0, 0.0, 0.0, 0.0, 0.0, 0.0, 0.0, 0.0, 0.0, 0.0, 0.0, 0.0, 0.0, 0.0, 0.0, 0.0, 0.0, 0.0, 0.0, 0.0, 0.0, 0.0, 0.0, 0.0, 0.0, 0.0, 0.0, 0.0, 0.0, 0.0, 0.0, 0.0, 0.0, 0.0, 0.0, 0.0, 0.0, 0.0, 0.0, 0.0, 0.0, 0.0, 0.0, 0.0, 0.0, 0.0, 0.0, 0.0, 0.0, 0.0, 0.0, 0.0, 0.0, 0.0, 0.0, 0.0, 0.0, 0.0, 0.0, 0.0, 0.0, 0.0, 0.0, 0.0, 0.0, 0.0, 0.5440149369840828, 0.7210959170830817, 0.0, 0.0, 0.5423962394227495, 0.5733066119862701, 0.7183359089286391, 0.0, 0.0, 0.5982816884895986, 0.0, 0.0, 0.0, 0.0, 0.0, 0.0, 0.0, 0.0, 0.0, 0.0, 0.0, 0.0, 0.0, 0.0, 0.0, 0.0, 0.0, 0.0, 0.0, 0.0], [0.6601071342623902, 0.86296143519759, 0.8765497201185664, 0.9142382224880783, 0.7824965349570941, 0.7227676562671621, 0.6993545266072527, 0.8936399322426135, 0.5997264368026718, 0.5938004517426917, 0.5647833573507739, 0.50601378139019, 0.0, 0.5995038582573878, 0.5744457154245928, 0.5262028974488993, 0.5351787158350719, 0.7202021403084916, 0.794054159659106, 0.7343925761944028, 0.86364016871492, 0.0, 0.0, 0.5057794768059451, 0.5405938896205283, 0.6386549766801844, 0.8454118960483064, 0.5888661872187441, 0.0, 0.5931166648494959, 0.7596875051220541, 0.5842411148550086, 0.7019596525110263, 0.6107286702283969, 0.0, 0.6145953307708952, 0.0, 0.0, 0.0, 0.0, 0.0, 0.0, 0.0, 0.0, 0.0, 0.0, 0.0, 0.0, 0.0, 0.0, 0.0, 0.0, 0.0, 0.0, 0.0, 0.0, 0.0, 0.0, 0.0, 0.0, 0.0, 0.0, 0.0, 0.0, 0.0, 0.0, 0.0, 0.0, 0.0, 0.0, 0.0, 0.0, 0.0, 0.0, 0.0, 0.0, 0.0, 0.0, 0.0, 0.0, 0.0, 0.0, 0.0, 0.0, 0.0, 0.0, 0.0, 0.0, 0.0, 0.0, 0.0, 0.0, 0.0, 0.0, 0.0, 0.0, 0.0, 0.0, 0.0, 0.0, 0.0, 0.0, 0.0, 0.0, 0.0, 0.0, 0.0, 0.0, 0.0, 0.0, 0.0, 0.0, 0.0, 0.0, 0.0, 0.0, 0.0, 0.0, 0.0, 0.0, 0.0, 0.0, 0.0, 0.0, 0.0, 0.0, 0.0, 0.0, 0.0, 0.0, 0.0, 0.0, 0.0, 0.0, 0.0, 0.0, 0.0, 0.0, 0.0, 0.0, 0.0, 0.0, 0.0, 0.0, 0.0, 0.0, 0.504588389482835, 0.8446013792579822, 0.7701250406346117, 0.647285570259094, 0.6597416494303829, 0.5202617283584906, 0.8451378807562845, 0.0, 0.0, 0.0, 0.0, 0.0, 0.0, 0.6115254841936505, 0.0, 0.5503312708928486, 0.0, 0.5916027023935667, 0.5534815710130755, 0.0, 0.0, 0.0, 0.0, 0.0, 0.0, 0.0, 0.0, 0.0, 0.0, 0.0], [0.0, 0.0, 0.0, 0.6146844392263773, 0.0, 0.0, 0.0, 0.0, 0.0, 0.0, 0.7652543427786261, 0.541057438126627, 0.0, 0.5538595856127337, 0.0, 0.0, 0.5132067016919901, 0.5477994253887981, 0.5495816990695693, 0.0, 0.0, 0.0, 0.0, 0.871131635347421, 0.8573258546365653, 0.0, 0.0, 0.0, 0.0, 0.0, 0.6321878921328152, 0.0, 0.0, 0.0, 0.0, 0.0, 0.0, 0.0, 0.0, 0.0, 0.9113007005399807, 0.7218973425383747, 0.6757770387315806, 0.6670119306369451, 0.0, 0.0, 0.0, 0.0, 0.0, 0.0, 0.0, 0.0, 0.0, 0.0, 0.5429512137389872, 0.0, 0.0, 0.0, 0.0, 0.0, 0.0, 0.0, 0.0, 0.0, 0.0, 0.0, 0.0, 0.0, 0.0, 0.0, 0.0, 0.0, 0.0, 0.0, 0.0, 0.0, 0.0, 0.0, 0.0, 0.0, 0.0, 0.0, 0.0, 0.0, 0.0, 0.0, 0.0, 0.0, 0.6468487801097278, 0.0, 0.0, 0.0, 0.0, 0.0, 0.0, 0.0, 0.0, 0.0, 0.0, 0.6373102287949277, 0.0, 0.0, 0.0, 0.0, 0.0, 0.0, 0.0, 0.0, 0.0, 0.0, 0.0, 0.0, 0.0, 0.0, 0.0, 0.0, 0.0, 0.0, 0.0, 0.0, 0.0, 0.0, 0.0, 0.0, 0.0, 0.0, 0.0, 0.0, 0.0, 0.0, 0.0, 0.0, 0.0, 0.0, 0.0, 0.0, 0.0, 0.0, 0.0, 0.0, 0.0, 0.0, 0.0, 0.0, 0.0, 0.0, 0.7868485203824592, 0.543303686754206, 0.0, 0.0, 0.0, 0.7329391318558588, 0.0, 0.0, 0.0, 0.0, 0.8777082386586363, 0.9038416637394932, 0.7355788330288634, 0.0, 0.0, 0.0, 0.0, 0.0, 0.6114264340884303, 0.0, 0.0, 0.0, 0.0, 0.7456445847297923, 0.5594510599807537, 0.0, 0.0, 0.0, 0.0, 0.0], [0.5235761457595075, 0.5261587612621447, 0.7291102975872851, 0.7453730234875898, 0.5807328461849696, 0.6161065195376493, 0.5479344379694776, 0.0, 0.6154094706011097, 0.7083245860203168, 0.871099869032018, 0.7412557093023034, 0.6488073087958781, 0.7222054248634177, 0.7136434102092618, 0.0, 0.6385570446090183, 0.7083487443728853, 0.6279374796851881, 0.0, 0.5596568622393805, 0.5057794768059451, 0.871131635347421, 0.0, 0.9000376665005569, 0.5640411797975659, 0.6155875786974627, 0.0, 0.530766981198926, 0.5024070164129003, 0.7097022519707586, 0.0, 0.5976059202300784, 0.0, 0.0, 0.0, 0.5199617879593209, 0.5093510653105172, 0.0, 0.0, 0.7356617772669005, 0.6347898525743352, 0.5105578817445638, 0.705855626692107, 0.0, 0.0, 0.0, 0.0, 0.0, 0.0, 0.0, 0.0, 0.0, 0.0, 0.5629011987373422, 0.0, 0.0, 0.0, 0.0, 0.0, 0.0, 0.0, 0.0, 0.0, 0.0, 0.0, 0.0, 0.0, 0.0, 0.0, 0.0, 0.0, 0.0, 0.0, 0.0, 0.0, 0.0, 0.0, 0.0, 0.0, 0.0, 0.0, 0.0, 0.0, 0.0, 0.0, 0.0, 0.0, 0.0, 0.0, 0.0, 0.0, 0.0, 0.0, 0.0, 0.0, 0.0, 0.0, 0.0, 0.0, 0.0, 0.0, 0.0, 0.0, 0.0, 0.0, 0.0, 0.0, 0.0, 0.0, 0.0, 0.0, 0.0, 0.0, 0.0, 0.0, 0.0, 0.0, 0.0, 0.0, 0.0, 0.0, 0.0, 0.0, 0.0, 0.0, 0.0, 0.0, 0.0, 0.0, 0.0, 0.0, 0.0, 0.0, 0.0, 0.0, 0.0, 0.0, 0.0, 0.0, 0.0, 0.0, 0.0, 0.0, 0.0, 0.0, 0.795698105097898, 0.5651394834207708, 0.0, 0.0, 0.0, 0.7847350369898696, 0.529282441331548, 0.0, 0.0, 0.0, 0.7461779339747098, 0.8810272902372646, 0.5384302909165604, 0.0, 0.0, 0.0, 0.0, 0.0, 0.0, 0.0, 0.0, 0.0, 0.0, 0.5661347292366927, 0.0, 0.0, 0.0, 0.0, 0.0, 0.0], [0.0, 0.5478547596523117, 0.7384436309423887, 0.7152887400738752, 0.0, 0.5248044767696622, 0.0, 0.0, 0.5784700814169355, 0.6778553596130792, 0.8400044952451909, 0.7036982632361811, 0.62290443815088, 0.7988415334721479, 0.7751951242787032, 0.6137896709611954, 0.706960961107848, 0.8171020893533488, 0.8282947814030979, 0.0, 0.5056018742992268, 0.5405938896205283, 0.8573258546365653, 0.9000376665005569, 0.0, 0.6670726468601654, 0.7022574466679782, 0.0, 0.5343875303023932, 0.6587009105051744, 0.646475701688953, 0.5757483824674552, 0.7300630270234065, 0.0, 0.0, 0.6436553495383612, 0.6652497233226458, 0.5233245826640245, 0.0, 0.0, 0.8111719484967133, 0.5339934358257293, 0.5990035295271624, 0.8371286405911162, 0.0, 0.0, 0.0, 0.0, 0.0, 0.0, 0.0, 0.0, 0.0, 0.0, 0.0, 0.0, 0.0, 0.0, 0.0, 0.0, 0.0, 0.0, 0.0, 0.0, 0.0, 0.0, 0.0, 0.0, 0.0, 0.0, 0.0, 0.0, 0.0, 0.0, 0.0, 0.0, 0.0, 0.0, 0.0, 0.0, 0.0, 0.0, 0.0, 0.0, 0.0, 0.0, 0.0, 0.0, 0.0, 0.0, 0.0, 0.0, 0.0, 0.0, 0.0, 0.0, 0.0, 0.0, 0.0, 0.0, 0.0, 0.0, 0.0, 0.0, 0.0, 0.0, 0.0, 0.0, 0.0, 0.0, 0.0, 0.0, 0.0, 0.0, 0.0, 0.0, 0.0, 0.0, 0.0, 0.0, 0.0, 0.0, 0.0, 0.0, 0.0, 0.0, 0.0, 0.0, 0.0, 0.0, 0.0, 0.0, 0.0, 0.0, 0.0, 0.0, 0.0, 0.0, 0.0, 0.0, 0.0, 0.0, 0.0, 0.0, 0.0, 0.0, 0.8059884491511461, 0.7479318970726945, 0.0, 0.0, 0.0, 0.7998930869636998, 0.6853421002103671, 0.0, 0.0, 0.0, 0.6975506400831948, 0.8014761864722546, 0.6113136695026218, 0.0, 0.0, 0.0, 0.0, 0.0, 0.6461228114986732, 0.0, 0.0, 0.0, 0.0, 0.0, 0.0, 0.0, 0.0, 0.0, 0.0, 0.0], [0.0, 0.6550042063362586, 0.6328090793932921, 0.5677843466628917, 0.5643333232250602, 0.0, 0.0, 0.5436879212057187, 0.5473938855939506, 0.5653182528801809, 0.6218649863493365, 0.6102159434572321, 0.546003219116561, 0.5399895333856342, 0.6461866975393541, 0.5962210364874456, 0.5983875616872363, 0.6079317834719083, 0.6282423413974804, 0.7610326653140781, 0.7022414631723618, 0.6386549766801844, 0.0, 0.5640411797975659, 0.6670726468601654, 0.0, 0.7954017175069977, 0.5413046101573687, 0.5938962680967259, 0.6662879048313668, 0.5417532291814281, 0.5497213121036308, 0.0, 0.0, 0.0, 0.0, 0.0, 0.0, 0.0, 0.5430046589065765, 0.0, 0.0, 0.5117155367266001, 0.6383495752333079, 0.6336263629039697, 0.0, 0.0, 0.0, 0.0, 0.0, 0.0, 0.0, 0.0, 0.0, 0.0, 0.0, 0.0, 0.0, 0.0, 0.0, 0.0, 0.0, 0.0, 0.0, 0.0, 0.0, 0.0, 0.0, 0.0, 0.0, 0.0, 0.0, 0.0, 0.0, 0.0, 0.0, 0.0, 0.0, 0.0, 0.0, 0.0, 0.0, 0.0, 0.0, 0.0, 0.0, 0.0, 0.0, 0.0, 0.0, 0.0, 0.0, 0.0, 0.0, 0.0, 0.0, 0.0, 0.0, 0.0, 0.0, 0.0, 0.0, 0.0, 0.0, 0.0, 0.0, 0.0, 0.0, 0.0, 0.0, 0.0, 0.0, 0.0, 0.0, 0.0, 0.0, 0.0, 0.0, 0.0, 0.0, 0.0, 0.0, 0.0, 0.0, 0.0, 0.0, 0.0, 0.0, 0.0, 0.0, 0.0, 0.0, 0.0, 0.0, 0.0, 0.0, 0.0, 0.0, 0.0, 0.0, 0.0, 0.0, 0.0, 0.0, 0.0, 0.0, 0.0, 0.6920632418780484, 0.0, 0.0, 0.0, 0.0, 0.573624788312388, 0.0, 0.0, 0.0, 0.0, 0.0, 0.0, 0.6198418811555269, 0.0, 0.0, 0.0, 0.0, 0.5178413471299118, 0.0, 0.0, 0.0, 0.0, 0.0, 0.0, 0.0, 0.0, 0.0, 0.0, 0.0], [0.7131246639925295, 0.7209812106923185, 0.8680048342205028, 0.7570357651945551, 0.7067061737969507, 0.7072052655030533, 0.6911327331759772, 0.73247943774986, 0.7881139161165464, 0.7893164459916437, 0.704911712003015, 0.705364794865127, 0.6944138518758592, 0.7690699868129798, 0.8258096659690626, 0.6274995648885684, 0.7095239305677037, 0.8040007291268153, 0.8559816973902588, 0.6047480394580658, 0.8191994401129737, 0.8454118960483064, 0.0, 0.6155875786974627, 0.7022574466679782, 0.7954017175069977, 0.0, 0.7007499804092864, 0.6972946853646891, 0.727468038801137, 0.6287986714610274, 0.765762171070549, 0.8376752621652346, 0.5763049796545565, 0.5053085062618896, 0.6499620639266973, 0.622125387186919, 0.0, 0.0, 0.0, 0.0, 0.0, 0.0, 0.7202402293364097, 0.6609362106471266, 0.0, 0.0, 0.0, 0.0, 0.0, 0.0, 0.0, 0.0, 0.0, 0.0, 0.0, 0.0, 0.0, 0.0, 0.0, 0.0, 0.0, 0.0, 0.0, 0.0, 0.0, 0.0, 0.0, 0.0, 0.0, 0.0, 0.0, 0.0, 0.0, 0.0, 0.0, 0.0, 0.0, 0.0, 0.0, 0.0, 0.0, 0.0, 0.0, 0.0, 0.0, 0.0, 0.0, 0.0, 0.0, 0.0, 0.0, 0.0, 0.0, 0.0, 0.0, 0.0, 0.0, 0.0, 0.0, 0.0, 0.0, 0.0, 0.0, 0.0, 0.0, 0.0, 0.0, 0.0, 0.0, 0.0, 0.0, 0.0, 0.0, 0.0, 0.0, 0.0, 0.0, 0.0, 0.0, 0.0, 0.0, 0.0, 0.0, 0.0, 0.0, 0.0, 0.0, 0.0, 0.0, 0.0, 0.0, 0.0, 0.0, 0.0, 0.0, 0.0, 0.0, 0.0, 0.0, 0.0, 0.0, 0.0, 0.0, 0.0, 0.0, 0.5244113240574828, 0.8186669825048163, 0.7038788456304734, 0.6418934131345408, 0.5496799369011576, 0.570772216402619, 0.8065160665814357, 0.0, 0.0, 0.5153951166104476, 0.0, 0.0, 0.0, 0.6021486100073742, 0.0, 0.5141016815598805, 0.0, 0.0, 0.5592961801802151, 0.0, 0.0, 0.0, 0.0, 0.0, 0.0, 0.0, 0.0, 0.0, 0.0, 0.0], [0.0, 0.0, 0.6054348420889344, 0.0, 0.0, 0.0, 0.0, 0.0, 0.0, 0.0, 0.0, 0.0, 0.0, 0.0, 0.6621051681959722, 0.9156335449632794, 0.9122798582930745, 0.7868458392327504, 0.5793927761833804, 0.0, 0.0, 0.5888661872187441, 0.0, 0.0, 0.0, 0.5413046101573687, 0.7007499804092864, 0.0, 0.8953751191543751, 0.9127747709154272, 0.0, 0.0, 0.0, 0.5234545837374076, 0.0, 0.6411511197687378, 0.6607939024303621, 0.0, 0.0, 0.0, 0.0, 0.0, 0.0, 0.0, 0.0, 0.5287020693788775, 0.678775254781387, 0.7483171576926925, 0.8106955946824967, 0.5109701533927206, 0.0, 0.0, 0.0, 0.0, 0.0, 0.0, 0.0, 0.0, 0.0, 0.0, 0.0, 0.0, 0.0, 0.0, 0.0, 0.0, 0.0, 0.0, 0.0, 0.0, 0.0, 0.0, 0.0, 0.0, 0.0, 0.0, 0.0, 0.0, 0.0, 0.0, 0.0, 0.0, 0.0, 0.0, 0.0, 0.0, 0.0, 0.0, 0.0, 0.0, 0.0, 0.0, 0.0, 0.0, 0.0, 0.0, 0.0, 0.0, 0.0, 0.0, 0.0, 0.0, 0.0, 0.0, 0.0, 0.0, 0.0, 0.0, 0.0, 0.0, 0.0, 0.0, 0.0, 0.0, 0.0, 0.0, 0.0, 0.0, 0.0, 0.0, 0.0, 0.0, 0.0, 0.0, 0.0, 0.0, 0.0, 0.0, 0.0, 0.0, 0.0, 0.0, 0.0, 0.0, 0.0, 0.0